[{"id": 0, "img_name": "009.jpg", "width": 1486, "height": 1256, "position": [-2.9992887960610664, -2.2098436853412347, 7.27563673651989], "rotation": [[0.9999935226528309, -0.003537447009570852, 0.0006641694334034488], [0.003541461967923691, 0.999974851340856, -0.006144488014689624], [-0.0006424169296798464, 0.006146800345496234, 0.9999809018906317]], "fy": 340.22632391703706, "fx": 3035.431145244496}, {"id": 1, "img_name": "010.jpg", "width": 1486, "height": 1256, "position": [0.12696871808054844, 0.14169376147724164, 3.255292809383755], "rotation": [[0.9999926429675114, -0.0031335340002424904, -0.0022124591567773536], [0.0031172948246021913, 0.9999684551039312, -0.007305564320010775], [0.0022352815991709095, 0.0072986136852576594, 0.999970866452841]], "fy": 340.22632391703706, "fx": 3035.431145244496}, {"id": 2, "img_name": "011.jpg", "width": 1486, "height": 1256, "position": [2.8723200867182164, 2.068149972034793, 0.361312252799304], "rotation": [[0.999977151965518, -0.004799577032967514, -0.004760210839440902], [0.004756479850955862, 0.9999479703173784, -0.00902399897954965], [0.004803274545429481, 0.009001150951965697, 0.9999479525631227]], "fy": 340.22632391703706, "fx": 3035.431145244496}, {"id": 3, "img_name": "012.jpg", "width": 1486, "height": 1256, "position": [6.2285068930235585, 4.8570737282175935, -3.616605176200811], "rotation": [[0.99996299669749, -0.004480728520960348, -0.007343589564850336], [0.004406849950972081, 0.9999398292551445, -0.010045772379576011], [0.007388160074412548, 0.010013038555507881, 0.9999225740774136]], "fy": 340.22632391703706, "fx": 3035.431145244496}]