[{"id": 0, "img_name": "P1180141.JPG", "width": 3092, "height": 2311, "position": [3.7546346216339446, -0.35879693658768735, -0.8994924795057497], "rotation": [[0.41598507285122627, -0.22762619455106547, -0.8804219072235542], [0.2855391828836884, 0.9518947658756501, -0.11119230970106184], [0.8633792875689545, -0.20514061093001984, 0.4609702111245179]], "fy": 2572.0898940359903, "fx": 2560.886568482771}, {"id": 1, "img_name": "P1180142.JPG", "width": 3092, "height": 2311, "position": [3.7373256054701893, -0.31510325779964105, -0.7538083389902945], "rotation": [[0.4034045410044319, -0.2326913879258096, -0.8849403902422828], [0.3144496798575522, 0.9434780856498546, -0.10474015818189451], [0.8592939980789382, -0.23601656696860437, 0.4537730765282001]], "fy": 2572.0898940359903, "fx": 2560.886568482771}, {"id": 2, "img_name": "P1180143.JPG", "width": 3092, "height": 2311, "position": [3.703760301145072, -0.2713853403522105, -0.6160705971721101], "rotation": [[0.39319669912226646, -0.23997313124154215, -0.8875861941701679], [0.3116339629925825, 0.942984113072932, -0.11689839862715755], [0.8650321548410159, -0.23063793871387606, 0.4455620184855559]], "fy": 2572.0898940359903, "fx": 2560.886568482771}, {"id": 3, "img_name": "P1180144.JPG", "width": 3092, "height": 2311, "position": [3.6439058782636784, -0.183003422796358, -0.3410908959876437], "rotation": [[0.3068165270758026, -0.20131184744959182, -0.9302350019159544], [0.29623097739257886, 0.9490276898653941, -0.10767382180358831], [0.904494790889467, -0.24252831575959483, 0.35081218523397045]], "fy": 2572.0898940359903, "fx": 2560.886568482771}, {"id": 4, "img_name": "P1180145.JPG", "width": 3092, "height": 2311, "position": [3.639770055932024, -0.11949491614481393, -0.1429244341072484], "rotation": [[0.3018798865544932, -0.17709727775817202, -0.9367524156918363], [0.30326360756774245, 0.9493929830444054, -0.08175663930864371], [0.9038250485679429, -0.2594022319809339, 0.34030980536044675]], "fy": 2572.0898940359903, "fx": 2560.886568482771}, {"id": 5, "img_name": "P1180146.JPG", "width": 3092, "height": 2311, "position": [3.6121166661228172, -0.06855292504228486, 0.009297200761016425], "rotation": [[0.1559905486719188, -0.2211569248393365, -0.9626819637453699], [0.2949568752751245, 0.9405747601015161, -0.1682841715311047], [0.942691566978812, -0.25769892366011865, 0.21195252839126014]], "fy": 2572.0898940359903, "fx": 2560.886568482771}, {"id": 6, "img_name": "P1180147.JPG", "width": 3092, "height": 2311, "position": [3.625981920424066, -0.01135498758391114, 0.1828157866386845], "rotation": [[0.13168895261956753, -0.25917156594932417, -0.9568114334399106], [0.3246666538563843, 0.9232569106028303, -0.20539776264072623], [0.936616027853282, -0.2835961502339066, 0.20572710064755076]], "fy": 2572.0898940359903, "fx": 2560.886568482771}, {"id": 7, "img_name": "P1180148.JPG", "width": 3092, "height": 2311, "position": [3.628414147105506, 0.06178653532279237, 0.413384250488529], "rotation": [[0.06505837296530548, -0.26842511239548034, -0.961101122225222], [0.3117869418614501, 0.9203894579721289, -0.23594946183124804], [0.9479221017529827, -0.2843082916294293, 0.14357048554268892]], "fy": 2572.0898940359903, "fx": 2560.886568482771}, {"id": 8, "img_name": "P1180149.JPG", "width": 3092, "height": 2311, "position": [3.6448982548849624, 0.12339160050989725, 0.5945714790442559], "rotation": [[-0.056952397447288985, -0.24750735142422053, -0.9672106985636446], [0.29385561711105035, 0.921713065143327, -0.2531677345879142], [0.9541516130664401, -0.29863880614391053, 0.020237656673884167]], "fy": 2572.0898940359903, "fx": 2560.886568482771}, {"id": 9, "img_name": "P1180150.JPG", "width": 3092, "height": 2311, "position": [3.6357858535300296, 0.20257171299893076, 0.8398260884855223], "rotation": [[-0.09716695299698626, -0.25123232080727753, -0.9630373327275902], [0.3060084729238438, 0.913203282479411, -0.2691070035648393], [0.9470572304481385, -0.32084589112316597, -0.011853961586022234]], "fy": 2572.0898940359903, "fx": 2560.886568482771}, {"id": 10, "img_name": "P1180151.JPG", "width": 3092, "height": 2311, "position": [3.599246617221457, 0.2778683406715573, 1.0716974517394762], "rotation": [[-0.16396997252409934, -0.24607424269736686, -0.9552807520260017], [0.2991506973909997, 0.9103817395997534, -0.28585651724913574], [0.9400120788377799, -0.3326447884519526, -0.0756619875157339]], "fy": 2572.0898940359903, "fx": 2560.886568482771}, {"id": 11, "img_name": "P1180152.JPG", "width": 3092, "height": 2311, "position": [3.5386486337139296, 0.35848868474730977, 1.3023671959845786], "rotation": [[-0.252666699830502, -0.2618166661089422, -0.931456693649448], [0.29337102830826384, 0.8966424933396819, -0.3316107339742641], [0.9220048690468584, -0.3570493978222018, -0.14974227515530858]], "fy": 2572.0898940359903, "fx": 2560.886568482771}, {"id": 12, "img_name": "P1180153.JPG", "width": 3092, "height": 2311, "position": [3.4195260439545847, 0.4458273665477676, 1.5204598736595445], "rotation": [[-0.3843989707687047, -0.23071837337930343, -0.8938716146389081], [0.2763774703396259, 0.8950947495909674, -0.3498869576639758], [0.8808251388105526, -0.38154216207372404, -0.28030814008779403]], "fy": 2572.0898940359903, "fx": 2560.886568482771}, {"id": 13, "img_name": "P1180154.JPG", "width": 3092, "height": 2311, "position": [3.3286999131687134, 0.528237565090178, 1.7559236375120808], "rotation": [[-0.4537293663659844, -0.2198421282955912, -0.8635966076378412], [0.28524350539618704, 0.8822774459192738, -0.37446315045870443], [0.8442545852563774, -0.4162402515959116, -0.3376066471871586]], "fy": 2572.0898940359903, "fx": 2560.886568482771}, {"id": 14, "img_name": "P1180155.JPG", "width": 3092, "height": 2311, "position": [3.2504522498659085, 0.6063089084248282, 1.9842756765851906], "rotation": [[-0.5283742870761157, -0.23432469123345845, -0.81603465112405], [0.2441753963751431, 0.8786096554925267, -0.4103942605353363], [0.813141432077992, -0.4160973592245547, -0.4070184259766425]], "fy": 2572.0898940359903, "fx": 2560.886568482771}, {"id": 15, "img_name": "P1180156.JPG", "width": 3092, "height": 2311, "position": [3.1033010395722576, 0.6566841314984331, 2.123802032015461], "rotation": [[-0.6094191939727069, -0.20937913148699624, -0.7647016577171826], [0.2401308535020639, 0.8704548097215206, -0.4297040812338665], [0.7556093032871064, -0.4454983765743958, -0.4801934789806619]], "fy": 2572.0898940359903, "fx": 2560.886568482771}, {"id": 16, "img_name": "P1180157.JPG", "width": 3092, "height": 2311, "position": [2.8892867337280554, 0.7031870987718803, 2.271596609357651], "rotation": [[-0.6384174155279956, -0.19054889166722172, -0.7457307311858267], [0.23190052522485202, 0.8762308852310541, -0.42242346308845247], [0.7339246214366923, -0.4426178438016217, -0.515212669096375]], "fy": 2572.0898940359903, "fx": 2560.886568482771}, {"id": 17, "img_name": "P1180158.JPG", "width": 3092, "height": 2311, "position": [2.5619990889248094, 0.7211024968398023, 2.410629932762233], "rotation": [[-0.6731990913449717, -0.16322070974675182, -0.7212225615731046], [0.23805317021849082, 0.8755756181244504, -0.42035464205229495], [0.7000954731757879, -0.45467168028782406, -0.5505815031246656]], "fy": 2572.0898940359903, "fx": 2560.886568482771}, {"id": 18, "img_name": "P1180159.JPG", "width": 3092, "height": 2311, "position": [2.3199467264682747, 0.7242207552278288, 2.4326934311607333], "rotation": [[-0.6781121895612107, -0.1805793059873979, -0.7124289246076478], [0.20733979017450638, 0.8829697023625822, -0.4211587778025346], [0.7051057153213917, -0.4333077647109993, -0.5613112427720159]], "fy": 2572.0898940359903, "fx": 2560.886568482771}, {"id": 19, "img_name": "P1180160.JPG", "width": 3092, "height": 2311, "position": [2.1394994038583026, 0.6912797338414415, 2.252095808846081], "rotation": [[-0.6839242456646167, -0.1456952660334496, -0.714856989647249], [0.25540148991374323, 0.8700359482351131, -0.42167229898164754], [0.6833869366193099, -0.47096744922984873, -0.5578278915794769]], "fy": 2572.0898940359903, "fx": 2560.886568482771}, {"id": 20, "img_name": "P1180161.JPG", "width": 3092, "height": 2311, "position": [1.8554037484224255, 0.7857518119076347, 2.4604913100218853], "rotation": [[-0.7829506515469272, -0.14881000653962115, -0.6040230618080068], [0.2076389989289879, 0.8527693480878892, -0.4792394861502172], [0.5864079837161233, -0.500639611812164, -0.6367775559161581]], "fy": 2572.0898940359903, "fx": 2560.886568482771}, {"id": 21, "img_name": "P1180162.JPG", "width": 3092, "height": 2311, "position": [1.5311899140479945, 0.8228425387084115, 2.5125891211538756], "rotation": [[-0.8245440743117561, -0.14353912362640694, -0.5472874834179303], [0.1851010436774736, 0.8456233769802086, -0.5006582746086373], [0.5346631398805031, -0.5141182979559771, -0.6706845029967297]], "fy": 2572.0898940359903, "fx": 2560.886568482771}, {"id": 22, "img_name": "P1180163.JPG", "width": 3092, "height": 2311, "position": [1.2364548164476685, 0.9138047943602171, 2.722684559957964], "rotation": [[-0.8891944937763014, -0.07455863444310838, -0.45141351582322603], [0.1710025393119455, 0.8609726281461089, -0.47904515980442697], [0.42437163405059664, -0.5031571758537896, -0.7528224044222283]], "fy": 2572.0898940359903, "fx": 2560.886568482771}, {"id": 23, "img_name": "P1180164.JPG", "width": 3092, "height": 2311, "position": [0.9478163032804751, 0.8883690570667367, 2.6749389545082334], "rotation": [[-0.9337387035537157, -0.039548603837296296, -0.3557638843676335], [0.15370369506725806, 0.8532905656996248, -0.4982673826477965], [0.3232757454689381, -0.5199337634954427, -0.7906716600264407]], "fy": 2572.0898940359903, "fx": 2560.886568482771}, {"id": 24, "img_name": "P1180165.JPG", "width": 3092, "height": 2311, "position": [0.5616722702646605, 0.8745905954601296, 2.688767415286706], "rotation": [[-0.9873922060401115, -0.014134234483864366, -0.1576605685223696], [0.07362552929941943, 0.8407024567036628, -0.5364686950119326], [0.14012820161060366, -0.5413128510463988, -0.8290624128528545]], "fy": 2572.0898940359903, "fx": 2560.886568482771}, {"id": 25, "img_name": "P1180166.JPG", "width": 3092, "height": 2311, "position": [0.3862329940307856, 0.9436726525168737, 2.9158468911680355], "rotation": [[-0.9807770940065218, -0.035073810857028154, -0.19195343097763815], [0.07792980280341284, 0.831453270284102, -0.550102177026135], [0.17889448763766494, -0.5544865076138801, -0.812737027067808]], "fy": 2572.0898940359903, "fx": 2560.886568482771}, {"id": 26, "img_name": "P1180167.JPG", "width": 3092, "height": 2311, "position": [0.16803788554544793, 0.941892873617839, 2.9133461570032457], "rotation": [[-0.9952883950245056, -0.0016140599239724406, -0.09694537400054404], [0.05361433759725581, 0.8239307053371114, -0.5641486467294746], [0.08078684010128764, -0.5666882631687831, -0.8199621325727163]], "fy": 2572.0898940359903, "fx": 2560.886568482771}, {"id": 27, "img_name": "P1180168.JPG", "width": 3092, "height": 2311, "position": [-0.06629357306011299, 0.9275065948725374, 2.8603305007618487], "rotation": [[-0.9953696905108934, 0.00015672492559854907, -0.09612052147978253], [0.052292098332355805, 0.8399504008605266, -0.5401378162527041], [0.08065181748880104, -0.542663154757662, -0.8360693660242637]], "fy": 2572.0898940359903, "fx": 2560.886568482771}, {"id": 28, "img_name": "P1180169.JPG", "width": 3092, "height": 2311, "position": [-0.4843514704617093, 0.9567479878600612, 2.930710537251307], "rotation": [[-0.9992262795231518, 0.013674759055709645, 0.036876052867510875], [-0.010620949452610468, 0.8089520730759614, -0.5877786478759071], [-0.03786869080182549, -0.5877155301937093, -0.8081809313675261]], "fy": 2572.0898940359903, "fx": 2560.886568482771}, {"id": 29, "img_name": "P1180170.JPG", "width": 3092, "height": 2311, "position": [-0.7098163775025782, 1.0762068385516177, 3.066993761839001], "rotation": [[-0.9989409009719231, 0.002971144050296268, -0.04591566909492432], [0.03168441184308026, 0.7680317947905076, -0.6396274386211317], [0.033364268485316345, -0.6404048207922111, -0.7673125120148474]], "fy": 2572.0898940359903, "fx": 2560.886568482771}, {"id": 30, "img_name": "P1180171.JPG", "width": 3092, "height": 2311, "position": [-0.9827201301802349, 1.13659450963089, 3.1306798836645053], "rotation": [[-0.998068360949776, 0.021717156988383206, 0.05820577259489928], [-0.020808077187005187, 0.765936329583738, -0.6425796160380214], [-0.05853691822095559, -0.6425495343676885, -0.7640049247806322]], "fy": 2572.0898940359903, "fx": 2560.886568482771}, {"id": 31, "img_name": "P1180172.JPG", "width": 3092, "height": 2311, "position": [-1.226703133661071, 1.1664871667470114, 3.163302510505736], "rotation": [[-0.9958521354409418, 0.03754766065618488, 0.08287760564208016], [-0.025048647932128673, 0.7625428067458202, -0.6464526534224908], [-0.08747050688368299, -0.6458472273374367, -0.7584393643305026]], "fy": 2572.0898940359903, "fx": 2560.886568482771}, {"id": 32, "img_name": "P1180173.JPG", "width": 3092, "height": 2311, "position": [-1.4474830701182848, 1.1349766885808956, 3.1107411367321065], "rotation": [[-0.962918513062178, 0.0895161367500038, 0.25450893592068347], [-0.0984518832940773, 0.7617090887605825, -0.6403955736694098], [-0.25118750740825724, -0.6417056376259115, -0.7246507508870387]], "fy": 2572.0898940359903, "fx": 2560.886568482771}, {"id": 33, "img_name": "P1180174.JPG", "width": 3092, "height": 2311, "position": [-1.4067708050827306, 0.946222777004004, 2.870679694146658], "rotation": [[-0.9730965676358643, 0.07126606088662454, 0.21909865043172555], [-0.08212370793537538, 0.7812088608883937, -0.6188444168483737], [-0.21526441101641652, -0.6201885715128603, -0.7543390279672613]], "fy": 2572.0898940359903, "fx": 2560.886568482771}, {"id": 34, "img_name": "P1180175.JPG", "width": 3092, "height": 2311, "position": [-1.6393786174493796, 0.8228612979185639, 2.5062539658414704], "rotation": [[-0.946489507243063, 0.10420516147656914, 0.3054486814514434], [-0.11835797223766946, 0.7684209184716484, -0.6289043508062058], [-0.3002482357759496, -0.6314036556568471, -0.7149688248704267]], "fy": 2572.0898940359903, "fx": 2560.886568482771}, {"id": 35, "img_name": "P1180176.JPG", "width": 3092, "height": 2311, "position": [-1.8865014877176052, 0.8999432700026855, 2.7467925317008546], "rotation": [[-0.9639445618832299, 0.07366572371022119, 0.2557034273645892], [-0.10668581190640081, 0.7733250743329007, -0.6249691727964558], [-0.24378067838452752, -0.6297155632174446, -0.7375834124274462]], "fy": 2572.0898940359903, "fx": 2560.886568482771}, {"id": 36, "img_name": "P1180177.JPG", "width": 3092, "height": 2311, "position": [-2.1125420391654655, 0.9109914986957793, 2.7691439306319237], "rotation": [[-0.9610958211734576, 0.09359458962211532, 0.25987473004581274], [-0.07971120756845436, 0.8068318200507572, -0.5853789691657545], [-0.2644635058205479, -0.583320209616511, -0.767982152879905]], "fy": 2572.0898940359903, "fx": 2560.886568482771}, {"id": 37, "img_name": "P1180178.JPG", "width": 3092, "height": 2311, "position": [-2.357212870439746, 0.9112242919995293, 2.7579963859856718], "rotation": [[-0.9109153023293616, 0.14168479685933558, 0.38750320040115316], [-0.12517739740388098, 0.8000176689711864, -0.5867728253021778], [-0.3931461956593225, -0.5830069876706779, -0.7110126026771701]], "fy": 2572.0898940359903, "fx": 2560.886568482771}, {"id": 38, "img_name": "P1180179.JPG", "width": 3092, "height": 2311, "position": [-2.5701304879930285, 0.912345900425132, 2.739859283363027], "rotation": [[-0.9008167636966459, 0.14159495467101357, 0.41046318599213516], [-0.12608800128530656, 0.8192908147157758, -0.5593428079936641], [-0.4154888376057498, -0.5556198608167943, -0.7201774754121019]], "fy": 2572.0898940359903, "fx": 2560.886568482771}, {"id": 39, "img_name": "P1180180.JPG", "width": 3092, "height": 2311, "position": [-2.787691984428788, 0.8956818448937698, 2.65918991511665], "rotation": [[-0.8737532997252913, 0.14138436753808986, 0.4653661266519288], [-0.153128030082404, 0.8281901573373497, -0.5391223142224949], [-0.46163511307335264, -0.5423204992487288, -0.7019839730879632]], "fy": 2572.0898940359903, "fx": 2560.886568482771}, {"id": 40, "img_name": "P1180181.JPG", "width": 3092, "height": 2311, "position": [-3.0329647413397574, 0.8537639624645943, 2.4514639163684095], "rotation": [[-0.8809051096722285, 0.15835596098633625, 0.44601522101095736], [-0.1395639607145946, 0.813552150755115, -0.5644951716989097], [-0.45224781770951, -0.559514331918156, -0.6945614614669929]], "fy": 2572.0898940359903, "fx": 2560.886568482771}, {"id": 41, "img_name": "P1180182.JPG", "width": 3092, "height": 2311, "position": [-3.365112531127544, 0.8168970699874545, 2.2916966734849384], "rotation": [[-0.8566438276229469, 0.14905715589477747, 0.49390618225738603], [-0.16610579697331662, 0.8266862966069991, -0.5375859291444153], [-0.4884365023289779, -0.5425603480524216, -0.6834164556943804]], "fy": 2572.0898940359903, "fx": 2560.886568482771}, {"id": 42, "img_name": "P1180183.JPG", "width": 3092, "height": 2311, "position": [-3.655061955622184, 0.7629553850362374, 2.0965429137944356], "rotation": [[-0.8115749755149776, 0.19583288345262354, 0.5504503073634296], [-0.1728754018228421, 0.8194706493676586, -0.5464265277871665], [-0.5580861533513028, -0.5386254139785639, -0.6312071837788019]], "fy": 2572.0898940359903, "fx": 2560.886568482771}, {"id": 43, "img_name": "P1180184.JPG", "width": 3092, "height": 2311, "position": [-3.8291765871791466, 0.7271791760674245, 1.9672177286174495], "rotation": [[-0.7669008781755661, 0.18071827610242974, 0.6157953781379912], [-0.1937854894728125, 0.8495344129567527, -0.4906510626422895], [-0.6118089792764798, -0.49561293958571273, -0.6164881077457056]], "fy": 2572.0898940359903, "fx": 2560.886568482771}, {"id": 44, "img_name": "P1180185.JPG", "width": 3092, "height": 2311, "position": [-4.132205844368511, 0.6435670237338281, 1.6691670546434236], "rotation": [[-0.5443979381829045, 0.23038122780019427, 0.8065701301061661], [-0.26998499827286876, 0.8622550584781914, -0.4285140777575103], [-0.794190774064898, -0.45104401559719826, -0.4072104006335704]], "fy": 2572.0898940359903, "fx": 2560.886568482771}, {"id": 45, "img_name": "P1180186.JPG", "width": 3092, "height": 2311, "position": [-4.47028380667852, 0.6402806905617918, 1.5806449175700665], "rotation": [[-0.5127175355018604, 0.2462819216139562, 0.8224754974314036], [-0.2757529667809116, 0.8599799860029431, -0.4294120689802549], [-0.813068896281504, -0.4469671562436271, -0.3730138484548009]], "fy": 2572.0898940359903, "fx": 2560.886568482771}, {"id": 46, "img_name": "P1180187.JPG", "width": 3092, "height": 2311, "position": [-4.7777786556627895, 0.6105920947440328, 1.423476319584321], "rotation": [[-0.48279165027925874, 0.278096545056913, 0.8304062463927149], [-0.2542869171926518, 0.8628658323033433, -0.436807416590099], [-0.8380038103524874, -0.4220484179224786, -0.3458681060228674]], "fy": 2572.0898940359903, "fx": 2560.886568482771}, {"id": 47, "img_name": "P1180188.JPG", "width": 3092, "height": 2311, "position": [-4.9689078223464955, 0.5180229404324196, 1.156559607198446], "rotation": [[-0.3655875285002535, 0.28408299727002784, 0.8863648287624872], [-0.2867167580334758, 0.8716069386349473, -0.39761142486878903], [-0.8855163802368926, -0.3994974282589222, -0.2371972705295272]], "fy": 2572.0898940359903, "fx": 2560.886568482771}, {"id": 48, "img_name": "P1180189.JPG", "width": 3092, "height": 2311, "position": [-4.892945207162326, 0.3989603701568564, 0.787632374410325], "rotation": [[-0.2186491953432377, 0.29218805549429655, 0.9310309713442491], [-0.27843633694074704, 0.8957694610707443, -0.34651158549758004], [-0.9352356578139935, -0.3349973325856338, -0.11450350000649229]], "fy": 2572.0898940359903, "fx": 2560.886568482771}, {"id": 49, "img_name": "P1180190.JPG", "width": 3092, "height": 2311, "position": [-5.077567391594679, 0.269385798379195, 0.4657391952804462], "rotation": [[-0.14150809619061794, 0.2990884632708253, 0.9436744935891841], [-0.3231504836800174, 0.8870903915871193, -0.3296125028744845], [-0.935707873008386, -0.3515917068022332, -0.028879890893402715]], "fy": 2572.0898940359903, "fx": 2560.886568482771}, {"id": 50, "img_name": "P1180191.JPG", "width": 3092, "height": 2311, "position": [-4.914262642888788, 0.1445271448562442, 0.08447679679672952], "rotation": [[0.014304207333588502, 0.3204713721836349, 0.9471501936141363], [-0.34660526993166874, 0.8901050625114099, -0.2959354060384698], [-0.9379020079454744, -0.3240541271181361, 0.12380931382392105]], "fy": 2572.0898940359903, "fx": 2560.886568482771}, {"id": 51, "img_name": "P1180192.JPG", "width": 3092, "height": 2311, "position": [-5.061836475140683, 0.026424453631828982, -0.25832914013372], "rotation": [[0.21101624390352733, 0.3119991387594792, 0.9263523531692409], [-0.313954036382868, 0.9191124908768369, -0.23804430712176514], [-0.9256916375595882, -0.2406008448187987, 0.2919010545111622]], "fy": 2572.0898940359903, "fx": 2560.886568482771}, {"id": 52, "img_name": "P1180193.JPG", "width": 3092, "height": 2311, "position": [-5.0866850505940535, -0.09392082075104988, -0.6117014710246568], "rotation": [[0.28575182336519234, 0.30055508723503527, 0.9099519410279906], [-0.320428647444722, 0.924856899296152, -0.20485408885607675], [-0.9031452692342541, -0.2330372402888595, 0.3605860054111063]], "fy": 2572.0898940359903, "fx": 2560.886568482771}, {"id": 53, "img_name": "P1180194.JPG", "width": 3092, "height": 2311, "position": [-5.0291828455757654, -0.1622635579142018, -0.8230336171353736], "rotation": [[0.373369870516666, 0.25746055322329414, 0.8912401490756144], [-0.3142728951708938, 0.9390122116268691, -0.13960162526460915], [-0.8728272951456505, -0.22796958119356903, 0.43151174132247694]], "fy": 2572.0898940359903, "fx": 2560.886568482771}, {"id": 54, "img_name": "P1180195.JPG", "width": 3092, "height": 2311, "position": [-4.874456279968063, -0.2641396603470496, -1.1116267809912304], "rotation": [[0.40062840972571784, 0.26766123325529045, 0.8762729834548701], [-0.30099929451626345, 0.9417462607149393, -0.1500446771136553], [-0.8653879488537808, -0.20364538944372482, 0.45785614917456285]], "fy": 2572.0898940359903, "fx": 2560.886568482771}, {"id": 55, "img_name": "P1180196.JPG", "width": 3092, "height": 2311, "position": [-4.708666277403586, -0.3621143412657284, -1.4289926681163216], "rotation": [[0.5477880695834453, 0.2311043236584021, 0.8040640661094332], [-0.2918150349507352, 0.9535098926126673, -0.07525204360335414], [-0.784074113970576, -0.1934158118566639, 0.5897610596886538]], "fy": 2572.0898940359903, "fx": 2560.886568482771}, {"id": 56, "img_name": "P1180197.JPG", "width": 3092, "height": 2311, "position": [-4.455520486998516, -0.4242083959027594, -1.6198339769849899], "rotation": [[0.5715875331754512, 0.2522152235822759, 0.780816990665383], [-0.28516673793879543, 0.9533319586373001, -0.09918723816154619], [-0.7693943224977351, -0.1659688453719901, 0.6168360551022773]], "fy": 2572.0898940359903, "fx": 2560.886568482771}, {"id": 57, "img_name": "P1180198.JPG", "width": 3092, "height": 2311, "position": [-4.167433633790522, -0.4492319483909996, -1.6684992633842952], "rotation": [[0.6452536334861532, 0.2281178891750755, 0.7291158872986002], [-0.2411328973836401, 0.9664061875041732, -0.08896070229612618], [-0.724915632520287, -0.1184116100386997, 0.6785838314723944]], "fy": 2572.0898940359903, "fx": 2560.886568482771}, {"id": 58, "img_name": "P1180199.JPG", "width": 3092, "height": 2311, "position": [-3.760309203812329, -0.46266358261243834, -1.6732120240190071], "rotation": [[0.7251806571041045, 0.24782335218587548, 0.6424146641176668], [-0.22066016398533944, 0.9674220057095728, -0.12411186445634696], [-0.6522439011535655, -0.05175180170992188, 0.7562404673301705]], "fy": 2572.0898940359903, "fx": 2560.886568482771}, {"id": 59, "img_name": "P1180200.JPG", "width": 3092, "height": 2311, "position": [-3.4017832620482493, -0.4871349505468856, -1.6943055031275567], "rotation": [[0.7253589319092227, 0.21210153401980464, 0.6548796524293276], [-0.17837509823829112, 0.9767667178794192, -0.11878174595259634], [-0.6648584392395055, -0.030654821961851302, 0.7463400951727677]], "fy": 2572.0898940359903, "fx": 2560.886568482771}, {"id": 60, "img_name": "P1180201.JPG", "width": 3092, "height": 2311, "position": [-3.010049102651379, -0.4576412547239067, -1.5802118610758802], "rotation": [[0.824120145252471, 0.1424699205119603, 0.5482046223248778], [-0.10921422085966712, 0.9896568366506454, -0.09301397546957027], [-0.5557861460589514, 0.01678295027561242, 0.8311558773352832]], "fy": 2572.0898940359903, "fx": 2560.886568482771}, {"id": 61, "img_name": "P1180202.JPG", "width": 3092, "height": 2311, "position": [-2.6101159630682282, -0.7736324075529676, -2.513431414372622], "rotation": [[0.9428585101640861, 0.06443742381125005, 0.32690311748854456], [-0.06573038812171936, 0.9978121384740052, -0.00710298467554104], [-0.3266455967689261, -0.014790359241823094, 0.9450311631819184]], "fy": 2572.0898940359903, "fx": 2560.886568482771}, {"id": 62, "img_name": "P1180203.JPG", "width": 3092, "height": 2311, "position": [-2.354738838937399, -0.804466214500676, -2.584885694203921], "rotation": [[0.960431135088709, 0.07118120060718643, 0.26926802898289565], [-0.08797687490889763, 0.9948255658542012, 0.05081498798713089], [-0.26425764744559077, -0.07249365629479287, 0.9617237470103014]], "fy": 2572.0898940359903, "fx": 2560.886568482771}, {"id": 63, "img_name": "P1180204.JPG", "width": 3092, "height": 2311, "position": [-2.0701158305360576, -0.8193689714706655, -2.6065140038181323], "rotation": [[0.9836270858261018, 0.05976262429298548, 0.1700181895176685], [-0.06513835909229583, 0.997531883768097, 0.026213260782189066], [-0.16803199160878116, -0.03685877919420817, 0.9850922191309295]], "fy": 2572.0898940359903, "fx": 2560.886568482771}, {"id": 64, "img_name": "P1180205.JPG", "width": 3092, "height": 2311, "position": [-1.7881305986628, -0.8227745187678808, -2.6021943037099162], "rotation": [[0.9947456596023299, 0.01611671977766836, 0.10110056402381769], [-0.02001233037280203, 0.9990910735763534, 0.037636861360895495], [-0.10040208830186635, -0.03946236236792669, 0.994164042108226]], "fy": 2572.0898940359903, "fx": 2560.886568482771}, {"id": 65, "img_name": "P1180206.JPG", "width": 3092, "height": 2311, "position": [-1.5184170091148026, -0.8332968658542086, -2.61417638343139], "rotation": [[0.9929801288914744, 0.028058209978003, 0.11490518038583529], [-0.03176035938541124, 0.999029561609858, 0.030515809039326533], [-0.11393745300988861, -0.03395102181739771, 0.9929076416863625]], "fy": 2572.0898940359903, "fx": 2560.886568482771}, {"id": 66, "img_name": "P1180207.JPG", "width": 3092, "height": 2311, "position": [-1.2893154437792738, -0.8456139168980861, -2.632657865903363], "rotation": [[0.995317849391536, 0.028040275132431562, 0.09249930623039761], [-0.029385740651938018, 0.9994807779494308, 0.013215625446322413], [-0.09208070877737841, -0.015871908520968342, 0.9956250426696576]], "fy": 2572.0898940359903, "fx": 2560.886568482771}, {"id": 67, "img_name": "P1180208.JPG", "width": 3092, "height": 2311, "position": [-1.0363078174968752, -0.8593664517084094, -2.6570303929954773], "rotation": [[0.9983464863731454, 0.0013610919415838036, 0.057466865019082415], [-0.0028069228404965507, 0.9996813519581627, 0.02508616613329607], [-0.05741440873650431, -0.02520599087174293, 0.9980321857002464]], "fy": 2572.0898940359903, "fx": 2560.886568482771}, {"id": 68, "img_name": "P1180209.JPG", "width": 3092, "height": 2311, "position": [-0.7701721751028832, -0.8677531047990611, -2.6688710325087643], "rotation": [[0.9999294433736615, 0.0037730184300218766, 0.011263774072932456], [-0.003730707069769819, 0.9999859152669999, -0.0037750619041399154], [-0.011277858803820859, 0.0037327737069415617, 0.999929435660964]], "fy": 2572.0898940359903, "fx": 2560.886568482771}, {"id": 69, "img_name": "P1180210.JPG", "width": 3092, "height": 2311, "position": [-0.5162503758633233, -0.8612564802627557, -2.63730298737405], "rotation": [[0.9999918428724001, -0.0025874426027144466, -0.0031015043831394283], [0.002590887505703842, 0.9999960306780592, 0.0011072172590748588], [0.00309862721116344, -0.0011152438763175573, 0.9999945773555489]], "fy": 2572.0898940359903, "fx": 2560.886568482771}, {"id": 70, "img_name": "P1180211.JPG", "width": 3092, "height": 2311, "position": [-0.2411651840703627, -0.853171154705611, -2.5957532091370603], "rotation": [[0.9966759868760311, -0.008986129796211694, -0.08097052955227022], [0.009970849302857996, 0.9998810725195681, 0.011765329629800779], [0.0808551751520527, -0.0125335664678418, 0.9966470540581189]], "fy": 2572.0898940359903, "fx": 2560.886568482771}, {"id": 71, "img_name": "P1180212.JPG", "width": 3092, "height": 2311, "position": [0.040622940742179585, -0.8508647048184583, -2.5764269196154905], "rotation": [[0.9943272336344536, -0.02067456156357069, -0.10433558816151216], [0.02120603546204552, 0.9997671766684952, 0.003987043552347925], [0.10422886602490222, -0.0061769701682926025, 0.9945341565409923]], "fy": 2572.0898940359903, "fx": 2560.886568482771}, {"id": 72, "img_name": "P1180213.JPG", "width": 3092, "height": 2311, "position": [0.3076613248281952, -0.845859277700076, -2.5519038472455065], "rotation": [[0.9981048588686172, -0.006404565572198349, -0.061201897378177904], [0.009555993752812176, 0.9986355535196727, 0.05133920753043475], [0.06078958534365752, -0.051826757435597344, 0.9968042001955337]], "fy": 2572.0898940359903, "fx": 2560.886568482771}, {"id": 73, "img_name": "P1180214.JPG", "width": 3092, "height": 2311, "position": [0.5909925810021059, -0.83147638712516, -2.4916978789342186], "rotation": [[0.9654860760495796, -0.06628039150882378, -0.25188002432869194], [0.07084275908164185, 0.9974461854664, 0.009078027551642553], [0.25063507424158704, -0.026608585080100954, 0.9677158894840723]], "fy": 2572.0898940359903, "fx": 2560.886568482771}, {"id": 74, "img_name": "P1180215.JPG", "width": 3092, "height": 2311, "position": [0.8635110534574478, -0.8231919377923298, -2.4522560296758376], "rotation": [[0.9601969056250866, -0.04604063865240852, -0.2755034700697739], [0.05348966653986655, 0.9983763954224679, 0.019581333884438414], [0.2741546242569371, -0.03353852494845774, 0.9611006239425814]], "fy": 2572.0898940359903, "fx": 2560.886568482771}, {"id": 75, "img_name": "P1180216.JPG", "width": 3092, "height": 2311, "position": [1.1310264361427205, -0.804313044750959, -2.386047439975845], "rotation": [[0.9402453530165615, -0.08476628172266042, -0.32977773365355656], [0.08976198035997995, 0.9959632426719712, -7.828273433051224e-05], [0.3284531367069222, -0.02952789747419355, 0.9440586000128051]], "fy": 2572.0898940359903, "fx": 2560.886568482771}, {"id": 76, "img_name": "P1180217.JPG", "width": 3092, "height": 2311, "position": [1.4016205640972346, -0.7745795959388719, -2.280012400243339], "rotation": [[0.891138122866605, -0.08915941420092541, -0.4448858784375284], [0.08617707767735407, 0.995914664633432, -0.02697206056403515], [0.4454731835439422, -0.014303133482790125, 0.8951810225400215]], "fy": 2572.0898940359903, "fx": 2560.886568482771}, {"id": 77, "img_name": "P1180218.JPG", "width": 3092, "height": 2311, "position": [1.6514640816326454, -0.7431535610932928, -2.1760168893613314], "rotation": [[0.8241316037945534, -0.1359592392209427, -0.5498383261445855], [0.12219958232913052, 0.9905807669951094, -0.061781924039047996], [0.5530590942255658, -0.016273577659602703, 0.832983078438304]], "fy": 2572.0898940359903, "fx": 2560.886568482771}, {"id": 78, "img_name": "P1180219.JPG", "width": 3092, "height": 2311, "position": [1.9313122619144043, -0.7402136724846202, -2.1603946181267024], "rotation": [[0.7479086813453455, -0.1507431195879497, -0.6464589053181644], [0.15535950449648692, 0.9865759474172777, -0.05031226828823108], [0.6453650352559182, -0.06280455297662725, 0.7612880922453298]], "fy": 2572.0898940359903, "fx": 2560.886568482771}, {"id": 79, "img_name": "P1180220.JPG", "width": 3092, "height": 2311, "position": [2.273262622564109, -0.7390771264109669, -2.133136960404579], "rotation": [[0.6948401907401303, -0.19434554864435305, -0.6924066125148899], [0.20513237435149406, 0.9763557959559154, -0.06819141218811388], [0.6892879067016466, -0.0946528785902264, 0.7182778113303]], "fy": 2572.0898940359903, "fx": 2560.886568482771}, {"id": 80, "img_name": "P1180221.JPG", "width": 3092, "height": 2311, "position": [2.5293141638642687, -0.7281743182074146, -2.0806723323428153], "rotation": [[0.6855234988059443, -0.1541587636113383, -0.7115424148894286], [0.1784499379300385, 0.9830916342105024, -0.0410665118812043], [0.7058421581611726, -0.09882264086304926, 0.7014420385286521]], "fy": 2572.0898940359903, "fx": 2560.886568482771}, {"id": 81, "img_name": "P1180222.JPG", "width": 3092, "height": 2311, "position": [3.324842490533891, -0.7292393191322654, -2.0530035027607343], "rotation": [[0.6156424318500148, -0.16208129180618536, -0.771177055514645], [0.21364685112167658, 0.9762968144523876, -0.0346345650458118], [0.7585113177214906, -0.1434370417171193, 0.6356779026770156]], "fy": 2572.0898940359903, "fx": 2560.886568482771}, {"id": 82, "img_name": "P1180223.JPG", "width": 3092, "height": 2311, "position": [3.4522347381071388, -0.6095469342628232, -1.6799750566742877], "rotation": [[0.5346644145454845, -0.14359261208768004, -0.8327755553404358], [0.21310141243046188, 0.9765201906158009, -0.03156113654199275], [0.8177540900777422, -0.16059103048899454, 0.5527103844579061]], "fy": 2572.0898940359903, "fx": 2560.886568482771}, {"id": 83, "img_name": "P1180224.JPG", "width": 3092, "height": 2311, "position": [3.432880671126248, -0.42681107422673437, -1.1449768942252532], "rotation": [[0.5812784539721387, -0.23314618862813655, -0.7795884899586022], [0.27692591526576227, 0.9575644128112728, -0.07989012937542639], [0.7651322737945251, -0.16944984522145748, 0.6211757831342463]], "fy": 2572.0898940359903, "fx": 2560.886568482771}, {"id": 84, "img_name": "P1180225.JPG", "width": 3092, "height": 2311, "position": [3.425187211284406, -0.31296981027348014, -0.741786385360191], "rotation": [[0.4707015696550533, -0.24502548001886262, -0.8475863062047395], [0.2910869638138291, 0.9500021447745385, -0.1129792211932055], [0.832891596681054, -0.1935418276892689, 0.5184912237567593]], "fy": 2572.0898940359903, "fx": 2560.886568482771}, {"id": 85, "img_name": "P1180305.JPG", "width": 3092, "height": 2311, "position": [-5.008866079665485, -0.018926379707808146, -0.3487169707628665], "rotation": [[0.15086865241395228, 0.31012410581438915, 0.9386488633731056], [-0.3076988600179736, 0.9170811787646351, -0.2535419553038647], [-0.9394466782433356, -0.2505696520899788, 0.23378363541760036]], "fy": 2572.0898940359903, "fx": 2560.886568482771}, {"id": 86, "img_name": "P1180306.JPG", "width": 3092, "height": 2311, "position": [-5.000866711283223, -0.14141183052417652, -0.7125124563766598], "rotation": [[0.2925042695696064, 0.2842049400739625, 0.9130546557140521], [-0.2912898479121117, 0.9359189582756794, -0.19800486873687215], [-0.9108191240783704, -0.2080462822972872, 0.3565463050367899]], "fy": 2572.0898940359903, "fx": 2560.886568482771}, {"id": 87, "img_name": "P1180307.JPG", "width": 3092, "height": 2311, "position": [-4.926297181759619, -0.2685642427764269, -1.0871606087563128], "rotation": [[0.4097472611413764, 0.2593101142568137, 0.8745658618030198], [-0.2794334085432524, 0.9483342052653256, -0.15026378576917088], [-0.8683456409616165, -0.18281274509153256, 0.4610372523506727]], "fy": 2572.0898940359903, "fx": 2560.886568482771}, {"id": 88, "img_name": "P1180308.JPG", "width": 3092, "height": 2311, "position": [-4.8310890770090955, -0.3734044083037306, -1.4311354763700381], "rotation": [[0.4748063757996831, 0.23223130400870493, 0.8488978306830491], [-0.2494075588018155, 0.9605210220474477, -0.1232689572335433], [-0.8440111226236826, -0.15319264879015132, 0.5139817479679296]], "fy": 2572.0898940359903, "fx": 2560.886568482771}, {"id": 89, "img_name": "P1180309.JPG", "width": 3092, "height": 2311, "position": [-4.6760892778858345, -0.4847058402724091, -1.8053793482282725], "rotation": [[0.5810581977972705, 0.19844096927620572, 0.7892987726363877], [-0.24271634663586064, 0.967939128152171, -0.06467317270519496], [-0.77682697291503, -0.15399683732056063, 0.6105938324671614]], "fy": 2572.0898940359903, "fx": 2560.886568482771}, {"id": 90, "img_name": "P1180310.JPG", "width": 3092, "height": 2311, "position": [-4.509867889932403, -0.6255622801221313, -2.1954034033717003], "rotation": [[0.6843725041747444, 0.15525220130575226, 0.7124121205589554], [-0.19582598835871726, 0.9803066825764932, -0.025514513109250302], [-0.7023435468578899, -0.12204737639781005, 0.7012973549796764]], "fy": 2572.0898940359903, "fx": 2560.886568482771}, {"id": 91, "img_name": "P1180311.JPG", "width": 3092, "height": 2311, "position": [-4.092123689672827, -0.726512191049431, -2.455120072767285], "rotation": [[0.773971803543997, 0.1441650085451086, 0.6165907051116173], [-0.17582946813173683, 0.9843753030631602, -0.00944779634739677], [-0.6083187038513308, -0.1011024877562372, 0.7872271854516565]], "fy": 2572.0898940359903, "fx": 2560.886568482771}, {"id": 92, "img_name": "P1180312.JPG", "width": 3092, "height": 2311, "position": [-3.606153810310895, -0.7329216257752929, -2.400876096362677], "rotation": [[0.8143003628503113, 0.13774570084390567, 0.5638626082308282], [-0.1584340254489651, 0.9872919122303887, -0.012383037773465302], [-0.5584027029321115, -0.07925151067004099, 0.8257757682413721]], "fy": 2572.0898940359903, "fx": 2560.886568482771}, {"id": 93, "img_name": "P1180313.JPG", "width": 3092, "height": 2311, "position": [-3.243906266547625, -0.7477962310643166, -2.4207816260076314], "rotation": [[0.8660128225272383, 0.12117146192268462, 0.48511778779377435], [-0.14178590185831705, 0.9898799970040875, 0.005860850229412491], [-0.479498226537523, -0.07385843449943488, 0.8744291751769624]], "fy": 2572.0898940359903, "fx": 2560.886568482771}, {"id": 94, "img_name": "P1180314.JPG", "width": 3092, "height": 2311, "position": [-2.8402737911263713, -0.7980282259410246, -2.5464465401248972], "rotation": [[0.9396962480139359, 0.08071967195690354, 0.3323481548432324], [-0.08789077125643967, 0.99610842075575, 0.006574680785710334], [-0.33052408958573576, -0.035388538521047654, 0.9431338598231244]], "fy": 2572.0898940359903, "fx": 2560.886568482771}, {"id": 95, "img_name": "P1180315.JPG", "width": 3092, "height": 2311, "position": [-2.3354919948754453, -0.816084960779912, -2.5787065248604404], "rotation": [[0.995706626082469, 0.027987050171243553, 0.08823287254860823], [-0.0321272299665709, 0.9984312286809756, 0.04585763501613345], [-0.08681103541682772, -0.0484954288290158, 0.9950437364822454]], "fy": 2572.0898940359903, "fx": 2560.886568482771}, {"id": 96, "img_name": "P1180316.JPG", "width": 3092, "height": 2311, "position": [-1.885538548301867, -0.8543277217886418, -2.656168829998052], "rotation": [[0.9984170960048441, 0.00915935152662852, 0.055492420066756414], [-0.010751515188408216, 0.9995370731574038, 0.02846127729186193], [-0.05520604429233388, -0.029012853419518668, 0.998053378838051]], "fy": 2572.0898940359903, "fx": 2560.886568482771}, {"id": 97, "img_name": "P1180317.JPG", "width": 3092, "height": 2311, "position": [-1.3389112409934971, -0.8780445588655196, -2.695477225680342], "rotation": [[0.9974083053275945, -0.001883182311450181, -0.07192444708107246], [0.0032253461178305726, 0.999822747086077, 0.018549165794468643], [0.07187676680232873, -0.0187330732564716, 0.9972375857138615]], "fy": 2572.0898940359903, "fx": 2560.886568482771}, {"id": 98, "img_name": "P1180318.JPG", "width": 3092, "height": 2311, "position": [-0.8110766387844907, -0.8955574440359997, -2.7192816609789343], "rotation": [[0.9974409694380402, -0.0064988311096423265, -0.07119886010822832], [0.007677177938477094, 0.9998378524247917, 0.016288947095554535], [0.07108145626