[{"id": 0, "img_name": "0001.jpg", "width": 2111, "height": 3750, "position": [2.476047580386922, -0.8926120536212007, 1.618242087947239], "rotation": [[-0.6347369743204156, 0.3960024047996962, -0.6635443231792593], [-0.37294429827740655, 0.5950781474154966, 0.7118950406140733], [0.6767728746137336, 0.6993311760971319, -0.23003126380052222]], "fy": 2809.515536215771, "fx": 2815.9160783634215}, {"id": 1, "img_name": "0002.jpg", "width": 2111, "height": 3750, "position": [2.454048086624412, -0.9045052017676367, 1.6376032542373278], "rotation": [[-0.6386381320975238, 0.39460087545054773, -0.6606296128123889], [-0.37119866756660713, 0.5940428269158617, 0.7136698599398653], [0.6740570342543433, 0.7010016183172993, -0.23290308217961858]], "fy": 2809.515536215771, "fx": 2815.9160783634215}, {"id": 2, "img_name": "0003.jpg", "width": 2111, "height": 3750, "position": [2.4315607829469834, -0.9172960936221434, 1.6604376616885241], "rotation": [[-0.6444092391806789, 0.3925224024329311, -0.656249111273195], [-0.3685740447613107, 0.5924939498476749, 0.7163128457051346], [0.6699924671120305, 0.7034750052291701, -0.237135005916363]], "fy": 2809.515536215771, "fx": 2815.9160783634215}, {"id": 3, "img_name": "0004.jpg", "width": 2111, "height": 3750, "position": [2.4076822596840994, -0.9296373444921168, 1.6835566328918092], "rotation": [[-0.651560962981835, 0.389454795294335, -0.6509940659794304], [-0.36579485876791934, 0.5904997013113715, 0.7193776644087155], [0.6645768825479422, 0.7068486861934656, -0.2422859921857429]], "fy": 2809.515536215771, "fx": 2815.9160783634215}, {"id": 4, "img_name": "0005.jpg", "width": 2111, "height": 3750, "position": [2.38154585886342, -0.943603004703928, 1.708562983144779], "rotation": [[-0.6596971575932098, 0.38620992318906094, -0.6447026876737366], [-0.36201810426797265, 0.5884565489937812, 0.7229535131172355], [0.658591339485772, 0.7103244224835785, -0.24838812849592382]], "fy": 2809.515536215771, "fx": 2815.9160783634215}, {"id": 5, "img_name": "0006.jpg", "width": 2111, "height": 3750, "position": [2.3531674794829907, -0.9570366483700559, 1.7350057745330134], "rotation": [[-0.6684393885423954, 0.3824838909949716, -0.6378831060424903], [-0.35812770618044926, 0.5861556773597155, 0.7267503477569879], [0.6518691048906967, 0.7142321716559117, -0.25483146403197965]], "fy": 2809.515536215771, "fx": 2815.9160783634215}, {"id": 6, "img_name": "0007.jpg", "width": 2111, "height": 3750, "position": [2.323251600336342, -0.9714255535290266, 1.762941119981727], "rotation": [[-0.6777802155500625, 0.37824269268979577, -0.6305128427206563], [-0.3539713653608241, 0.5837606798621536, 0.7307035932246879], [0.6444519003878447, 0.7184399307343997, -0.2617743570574598]], "fy": 2809.515536215771, "fx": 2815.9160783634215}, {"id": 7, "img_name": "0008.jpg", "width": 2111, "height": 3750, "position": [2.2911900895590835, -0.9865488286444559, 1.7922459308194385], "rotation": [[-0.687141200620716, 0.37391420543308596, -0.6229166375887423], [-0.3495773627348708, 0.5814554028050125, 0.7346463652752889], [0.6368929563693204, 0.7225633408388531, -0.2688300217664353]], "fy": 2809.515536215771, "fx": 2815.9160783634215}, {"id": 8, "img_name": "0009.jpg", "width": 2111, "height": 3750, "position": [2.257227108778648, -1.0024963331566736, 1.8218808207505093], "rotation": [[-0.6963810941771632, 0.36950820193466316, -0.6152374016390979], [-0.34511868613864394, 0.5792181391115291, 0.7385116382306465], [0.6292427704396393, 0.7266154664106659, -0.27583237631260327]], "fy": 2809.515536215771, "fx": 2815.9160783634215}, {"id": 9, "img_name": "0010.jpg", "width": 2111, "height": 3750, "position": [2.220897915595804, -1.0181326684979273, 1.8519495527542364], "rotation": [[-0.7062378217746833, 0.3646974197508023, -0.606814577216186], [-0.3400682051410218, 0.5770104627758506, 0.7425715734522584], [0.6209522968369756, 0.7307904746740382, -0.2834846154178017]], "fy": 2809.515536215771, "fx": 2815.9160783634215}, {"id": 10, "img_name": "0011.jpg", "width": 2111, "height": 3750, "position": [2.1834615569964355, -1.0340832697943203, 1.8835735429620617], "rotation": [[-0.7162009460668368, 0.35982649737827876, -0.5979808497246768], [-0.33501295697594924, 0.5743993782102778, 0.7468812977775497], [0.6122275096001468, 0.7352484247491632, -0.29083883920940756]], "fy": 2809.515536215771, "fx": 2815.9160783634215}, {"id": 11, "img_name": "0012.jpg", "width": 2111, "height": 3750, "position": [2.1444515867313014, -1.051373908538793, 1.9154752593436442], "rotation": [[-0.7267817357653068, 0.3543438105148778, -0.5884120771260251], [-0.3294116155500768, 0.5719017168429037, 0.7512765228681297], [0.6027240629829336, 0.7398438282650841, -0.2989227553723682]], "fy": 2809.515536215771, "fx": 2815.9160783634215}, {"id": 12, "img_name": "0013.jpg", "width": 2111, "height": 3750, "position": [2.1027297264043225, -1.0694400862519804, 1.9488009841529752], "rotation": [[-0.7374011855046854, 0.3485609810790922, -0.5785712869521479], [-0.32371522885225545, 0.5694166959529401, 0.7556276046963667], [0.5928304498129426, 0.7444930280662252, -0.307054048882874]], "fy": 2809.515536215771, "fx": 2815.9160783634215}, {"id": 13, "img_name": "0014.jpg", "width": 2111, "height": 3750, "position": [2.0595172417261796, -1.0873403233759824, 1.982652337862342], "rotation": [[-0.7481751628864981, 0.34266869648966347, -0.5681655481334962], [-0.3175944109343933, 0.5668866977278382, 0.7601139796651961], [0.582552757939568, 0.7491446031209871, -0.315300884603423]], "fy": 2809.515536215771, "fx": 2815.9160783634215}, {"id": 14, "img_name": "0015.jpg", "width": 2111, "height": 3750, "position": [2.0144777812470087, -1.105501549371582, 2.016930819594896], "rotation": [[-0.7591309236485886, 0.336323254560378, -0.5573211903403237], [-0.3113872029220786, 0.5642376699246398, 0.7646396940352871], [0.5716277203012503, 0.7540043237806585, -0.32360350601201276]], "fy": 2809.515536215771, "fx": 2815.9160783634215}, {"id": 15, "img_name": "0016.jpg", "width": 2111, "height": 3750, "position": [1.9688278800251795, -1.1244816777609965, 2.05177820001888], "rotation": [[-0.769543211965816, 0.3301982946713897, -0.5466007053722501], [-0.3052515548299714, 0.5616215915782119, 0.769027097147455], [0.560914194143115, 0.7586502976136383, -0.331398540641804]], "fy": 2809.515536215771, "fx": 2815.9160783634215}, {"id": 16, "img_name": "0017.jpg", "width": 2111, "height": 3750, "position": [1.91996572254726, -1.1440801835926742, 2.0871701797462094], "rotation": [[-0.7800128266852825, 0.3237920816186808, -0.5354798577794285], [-0.29878489259657554, 0.5591668070478383, 0.7733434359015267], [0.5498250432296516, 0.7632110912303145, -0.3394130994239091]], "fy": 2809.515536215771, "fx": 2815.9160783634215}, {"id": 17, "img_name": "0018.jpg", "width": 2111, "height": 3750, "position": [1.8685197363118942, -1.163168801535807, 2.1231213812913006], "rotation": [[-0.791193458770514, 0.31664306447686996, -0.5232113153568527], [-0.2917728249866375, 0.5564444119578856, 0.7779705874904014], [0.5374770035992871, 0.7681840834849025, -0.34786733747564186]], "fy": 2809.515536215771, "fx": 2815.9160783634215}, {"id": 18, "img_name": "0019.jpg", "width": 2111, "height": 3750, "position": [1.8155698004415728, -1.1830664492536829, 2.1590060980791987], "rotation": [[-0.8022688336874294, 0.3091635884554408, -0.510668771384316], [-0.2846946137966519, 0.553747847183114, 0.7825038649203223], [0.524703435636729, 0.7731631117128014, -0.356237431101213]], "fy": 2809.515536215771, "fx": 2815.9160783634215}, {"id": 19, "img_name": "0020.jpg", "width": 2111, "height": 3750, "position": [1.75758306238979, -1.202824879272578, 2.1950488053331303], "rotation": [[-0.8134128620751045, 0.3012622027643581, -0.49759481608669714], [-0.2772135158381368, 0.5512775807179268, 0.7869216578760867], [0.5113826184447866, 0.7780322063920982, -0.36490232031215897]], "fy": 2809.515536215771, "fx": 2815.9160783634215}, {"id": 20, "img_name": "0021.jpg", "width": 2111, "height": 3750, "position": [1.6989818716667313, -1.222659338015874, 2.2319245766910196], "rotation": [[-0.8245861770202867, 0.2931332940061742, -0.4838703427697942], [-0.2694641024676571, 0.5485368132179098, 0.7915152948781468], [0.4974401814775002, 0.7830582586818363, -0.37332697379348584]], "fy": 2809.515536215771, "fx": 2815.9160783634215}, {"id": 21, "img_name": "0022.jpg", "width": 2111, "height": 3750, "position": [1.6362952903551387, -1.2426443306733366, 2.268663678574803], "rotation": [[-0.8357027209947471, 0.28467953403918334, -0.46963658824798665], [-0.261355099038513, 0.5459492048611742, 0.796010664449931], [0.4830056669735299, 0.7879701952553061, -0.38184878821435303]], "fy": 2809.515536215771, "fx": 2815.9160783634215}, {"id": 22, "img_name": "0023.jpg", "width": 2111, "height": 3750, "position": [1.5721727504691685, -1.2637004587780014, 2.3056579176792957], "rotation": [[-0.8468156611852553, 0.2759366612086436, -0.4547111115559024], [-0.25291154775525687, 0.5431761484466726, 0.8006218962598253], [0.4679091631753097, 0.7929808514457738, -0.3901825012182335]], "fy": 2809.515536215771, "fx": 2815.9160783634215}, {"id": 23, "img_name": "0024.jpg", "width": 2111, "height": 3750, "position": [1.504917631882479, -1.2834550397272975, 2.342443022707278], "rotation": [[-0.8578626057947925, 0.26682986574124873, -0.4391737382033159], [-0.24401044308860179, 0.5406174606113171, 0.8051035119448151], [0.45225065311469886, 0.7978311751433872, -0.39866622972939353]], "fy": 2809.515536215771, "fx": 2815.9160783634215}, {"id": 24, "img_name": "0025.jpg", "width": 2111, "height": 3750, "position": [1.4369510890048343, -1.3033375681789372, 2.3779329589226297], "rotation": [[-0.868629757626294, 0.2573860487477835, -0.4233612713464587], [-0.23504274369489392, 0.5381439027668372, 0.8094171041874845], [0.4361619570784029, 0.8025917778203816, -0.40695108474195907]], "fy": 2809.515536215771, "fx": 2815.9160783634215}, {"id": 25, "img_name": "0026.jpg", "width": 2111, "height": 3750, "position": [1.3648067080385438, -1.3218935106236842, 2.4117024073698348], "rotation": [[-0.8793119589231856, 0.24774500071301447, -0.4067344262739239], [-0.2254874753864911, 0.5356753072176763, 0.8137612448876357], [0.4194828689452003, 0.8072635132711972, -0.41516230898595197]], "fy": 2809.515536215771, "fx": 2815.9160783634215}, {"id": 26, "img_name": "0027.jpg", "width": 2111, "height": 3750, "position": [1.2905074791128155, -1.3402967081135984, 2.446271387314421], "rotation": [[-0.8898111049497549, 0.23752128515073176, -0.38964065061084246], [-0.2158762946221166, 0.5331668684495274, 0.8180039827579993], [0.40203684274991636, 0.8119832076392152, -0.42314258540545147]], "fy": 2809.515536215771, "fx": 2815.9160783634215}, {"id": 27, "img_name": "0028.jpg", "width": 2111, "height": 3750, "position": [1.213787632803785, -1.3592410673310915, 2.47939923629855], "rotation": [[-0.9000631567210824, 0.22694491918326, -0.3719977386627288], [-0.2059069515085507, 0.5308618883001504, 0.8220632474882053], [0.38404249925462103, 0.8165057618947353, -0.43107969049696854]], "fy": 2809.515536215771, "fx": 2815.9160783634215}, {"id": 28, "img_name": "0029.jpg", "width": 2111, "height": 3750, "position": [1.133869371683896, -1.377393670315942, 2.5125820616873127], "rotation": [[-0.9101891298940682, 0.21580920885645266, -0.3535281222129719], [-0.1955548700127211, 0.5285079912655924, 0.8260978126001278], [0.3651219531019544, 0.8210393952431028, -0.4388396869266194]], "fy": 2809.515536215771, "fx": 2815.9160783634215}, {"id": 29, "img_name": "0030.jpg", "width": 2111, "height": 3750, "position": [1.0520093571706046, -1.3955811087937886, 2.5469373543779237], "rotation": [[-0.920043173120159, 0.2046855597703732, -0.3341023514081837], [-0.18447601101793468, 0.5259842896006267, 0.8302464263411403], [0.34567204248232075, 0.8254964256220695, -0.44616867923610154]], "fy": 2809.515536215771, "fx": 2815.9160783634215}, {"id": 30, "img_name": "0031.jpg", "width": 2111, "height": 3750, "position": [0.9666590555251972, -1.4146803016406821, 2.579068088257913], "rotation": [[-0.9296000162946345, 0.19277616930876265, -0.3141355730439553], [-0.17331386144805117, 0.5235637196361013, 0.834172246547903], [0.32527851932610086, 0.8298905831659069, -0.45329406000693423]], "fy": 2809.515536215771, "fx": 2815.9160783634215}, {"id": 31, "img_name": "0032.jpg", "width": 2111, "height": 3750, "position": [0.8782212261688154, -1.4323680798285225, 2.6096016433374443], "rotation": [[-0.938596739653173, 0.18065955987029111, -0.2939358497017774], [-0.16197346027573623, 0.5214973903747309, 0.8377380676551891], [0.30463216914623065, 0.8339080256597954, -0.4602136962992776]], "fy": 2809.515536215771, "fx": 2815.9160783634215}, {"id": 32, "img_name": "0033.jpg", "width": 2111, "height": 3750, "position": [0.786933769297814, -1.44888551880026, 2.6386710970668754], "rotation": [[-0.9472242589490558, 0.168073474671168, -0.27297895591120575], [-0.15022819350016786, 0.5195154358447942, 0.8411511170988658], [0.2831919722310077, 0.8377678789682459, -0.4668482492555352]], "fy": 2809.515536215771, "fx": 2815.9160783634215}, {"id": 33, "img_name": "0034.jpg", "width": 2111, "height": 3750, "position": [0.6943361889526908, -1.4653999795755963, 2.6666715384815376], "rotation": [[-0.9551039678819997, 0.1558460446884133, -0.2519690871734805], [-0.13830651730409904, 0.5175750202403551, 0.8443858156639102], [0.262007094955978, 0.8413252098791364, -0.47278343183169574]], "fy": 2809.515536215771, "fx": 2815.9160783634215}, {"id": 34, "img_name": "0035.jpg", "width": 2111, "height": 3750, "position": [0.5966126806696489, -1.4793472656503615, 2.6921503128846886], "rotation": [[-0.9628471079902337, 0.14263837700824297, -0.2293027257563624], [-0.12544436668916806, 0.5156998279399841, 0.8475360749423143], [0.2391425464044338, 0.8448123938882083, -0.4786469070537047]], "fy": 2809.515536215771, "fx": 2815.9160783634215}, {"id": 35, "img_name": "0036.jpg", "width": 2111, "height": 3750, "position": [0.49554182783419404, -1.4920554456600033, 2.71576997413018], "rotation": [[-0.9699555553735147, 0.12918589952609372, -0.20614854829391996], [-0.11230778333170682, 0.513901185833008, 0.8504660681076855], [0.2158082074509101, 0.848066373913659, -0.48395272809827494]], "fy": 2809.515536215771, "fx": 2815.9160783634215}, {"id": 36, "img_name": "0037.jpg", "width": 2111, "height": 3750, "position": [0.39200052092060045, -1.5056498216479295, 2.7389700278988083], "rotation": [[-0.9764912385386934, 0.11540258254121259, -0.1820634642095612], [-0.09852241964767526, 0.512291013923128, 0.8531419869402634], [0.1917242652455211, 0.851023008500024, -0.48887794501248716]], "fy": 2809.515536215771, "fx": 2815.9160783634215}, {"id": 37, "img_name": "0038.jpg", "width": 2111, "height": 3750, "position": [0.2857439088724056, -1.5160896038592107, 2.7587116159237923], "rotation": [[-0.9823570339733242, 0.101188675671996, -0.1572752673463988], [-0.08434517631430324, 0.5108662194403001, 0.8555124762779819], [0.1669147957361561, 0.8536841088778231, -0.49331824739597313]], "fy": 2809.515536215771, "fx": 2815.9160783634215}, {"id": 38, "img_name": "0039.jpg", "width": 2111, "height": 3750, "position": [0.17741090673183, -1.5261832094800762, 2.7770746566183546], "rotation": [[-0.9874908340842135, 0.08649845023827955, -0.13183273761111003], [-0.06985591894325005, 0.5095650586659993, 0.8575917452816991], [0.14135771357891294, 0.85607328488459, -0.4971483960736967]], "fy": 2809.515536215771, "fx": 2815.9160783634215}, {"id": 39, "img_name": "0040.jpg", "width": 2111, "height": 3750, "position": [0.06600218749891365, -1.5341559512258907, 2.7924620313640145], "rotation": [[-0.9917405468874461, 0.07166012360224105, -0.10637440643641803], [-0.055403212100168554, 0.5086513476496823, 0.8591881578694772], [0.11567701477982761, 0.8579852173665192, -0.5004799646660731]], "fy": 2809.515536215771, "fx": 2815.9160783634215}, {"id": 40, "img_name": "0041.jpg", "width": 2111, "height": 3750, "position": [-0.046670744222055485, -1.5410636626330723, 2.805562667045477], "rotation": [[-0.9950894851973314, 0.056858649166802055, -0.08101858098384218], [-0.04104252878675598, 0.5078230760839165, 0.8604831400018575], [0.0900690139864825, 0.8595829322477236, -0.5029957806064653]], "fy": 2809.515536215771, "fx": 2815.9160783634215}, {"id": 41, "img_name": "0042.jpg", "width": 2111, "height": 3750, "position": [-0.16291136702702672, -1.5458139562723678, 2.8160240364826294], "rotation": [[-0.9975718709628865, 0.041932454515853694, -0.055606038537927074], [-0.026705139806332608, 0.5070849904268866, 0.8614822389299088], [0.06432105231982604, 0.8608754159238373, -0.5047339105770778]], "fy": 2809.515536215771, "fx": 2815.9160783634215}, {"id": 42, "img_name": "0043.jpg", "width": 2111, "height": 3750, "position": [-0.2818191188782681, -1.5491644295195794, 2.8230643743981694], "rotation": [[-0.9993038636077132, 0.0251193442781487, -0.02758272505994089], [-0.011058149330560138, 0.506683234034314, 0.8620613769807296], [0.03563012085412405, 0.8617662785764852, -0.5060527399356275]], "fy": 2809.515536215771, "fx": 2815.9160783634215}, {"id": 43, "img_name": "0044.jpg", "width": 2111, "height": 3750, "position": [-0.4028422479562293, -1.5511891301065361, 2.8268860410405927], "rotation": [[-0.9999589233334345, 0.009040207263502123, -0.0006529153636275981], [0.00401722289720526, 0.5066227222616017, 0.8621585000499843], [0.008124873293369398, 0.8621204625462018, -0.5066382284165791]], "fy": 2809.515536215771, "fx": 2815.9160783634215}, {"id": 44, "img_name": "0045.jpg", "width": 2111, "height": 3750, "position": [-0.5253429545799431, -1.5507935734100282, 2.826551689308046], "rotation": [[-0.9996081638442132, -0.007540080588541575, 0.026956742398137223], [0.01942130083970777, 0.5066942400810829, 0.8619070484352405], [-0.020157674709519367, 0.8620928570945083, -0.5063492607844245]], "fy": 2809.515536215771, "fx": 2815.9160783634215}, {"id": 45, "img_name": "0046.jpg", "width": 2111, "height": 3750, "position": [-0.650569974919437, -1.5489801605052727, 2.823579991914668], "rotation": [[-0.9981460929296999, -0.024644900242034758, 0.05565075076973466], [0.035497512539493105, 0.5070101408209549, 0.861208827003198], [-0.04943990061360861, 0.8615876890930927, -0.5051953584807969]], "fy": 2809.515536215771, "fx": 2815.9160783634215}, {"id": 46, "img_name": "0047.jpg", "width": 2111, "height": 3750, "position": [-0.7774821537470915, -1.546512415552213, 2.817179698296553], "rotation": [[-0.9955315016724796, -0.04190615582699419, 0.0846221205214193], [0.05173676868439276, 0.5076119833512143, 0.8600310349774271], [-0.07899579700107828, 0.860566062811014, -0.5031756309621066]], "fy": 2809.515536215771, "fx": 2815.9160783634215}, {"id": 47, "img_name": "0048.jpg", "width": 2111, "height": 3750, "position": [-0.9065504136272174, -1.540108643153887, 2.80604095135435], "rotation": [[-0.991913438010187, -0.0587313424177479, 0.11250938144270345], [0.06726281256622978, 0.508482011827166, 0.8584414701619895], [-0.10762641655509461, 0.8590673274348215, -0.5004197052410128]], "fy": 2809.515536215771, "fx": 2815.9160783634215}, {"id": 48, "img_name": "0049.jpg", "width": 2111, "height": 3750, "position": [-1.0374144304275539, -1.5322386785187596, 2.7920664661414274], "rotation": [[-0.9870460173438937, -0.07594302955879621, 0.1413252132741687], [0.08342068363693549, 0.5095021413578396, 0.8564161123503705], [-0.13704433292589582, 0.857111558791041, -0.4965668400121865]], "fy": 2809.515536215771, "fx": 2815.9160783634215}, {"id": 49, "img_name": "0050.jpg", "width": 2111, "height": 3750, "position": [-1.169050371574945, -1.5220858366381864, 2.7741076778284235], "rotation": [[-0.9807608041118077, -0.09384120458882288, 0.17117848415989656], [0.10010895929430358, 0.5110236228320851, 0.8537171974234689], [-0.16759009931070729, 0.8544288649319437, -0.49179759391861433]], "fy": 2809.515536215771, "fx": 2815.9160783634215}, {"id": 50, "img_name": "0051.jpg", "width": 2111, "height": 3750, "position": [-1.3021416412526734, -1.5096615372050206, 2.7512294536801694], "rotation": [[-0.9731205571581906, -0.11179271248426348, 0.20134242144054737], [0.11703868868961079, 0.5128867691148016, 0.8504405372610108], [-0.19833891848537585, 0.8511460224323386, -0.486016586045847]], "fy": 2809.515536215771, "fx": 2815.9160783634215}, {"id": 51, "img_name": "0052.jpg", "width": 2111, "height": 3750, "position": [-1.435101637021719, -1.494550717053763, 2.7237793021392265], "rotation": [[-0.9640609090927362, -0.12993853351661314, 0.23173808721666267], [0.13408731524682443, 0.5150426130451329, 0.8466118937491606], [-0.22936249791363947, 0.847258569891856, -0.47910934064743665]], "fy": 2809.515536215771, "fx": 2815.9160783634215}, {"id": 52, "img_name": "0053.jpg", "width": 2111, "height": 3750, "position": [-1.5689142418930428, -1.4780172625530226, 2.691928252142286], "rotation": [[-0.9535560901755926, -0.14835932971480928, 0.2621455553230094], [0.15102459011740854, 0.5175186268183591, 0.842238709675534], [-0.26061917824462816, 0.8427122760364965, -0.4710771314216833]], "fy": 2809.515536215771, "fx": 2815.9160783634215}, {"id": 53, "img_name": "0054.jpg", "width": 2111, "height": 3750, "position": [-1.7031963108191785, -1.4578563639806488, 2.654541266286179], "rotation": [[-0.9421636081876269, -0.16571230985325344, 0.2913196968451847], [0.1673965642900425, 0.5203601009488154, 0.8373790990969552], [-0.2903551715929314, 0.8377140297879926, -0.46252467893681176]], "fy": 2809.515536215771, "fx": 2815.9160783634215}, {"id": 54, "img_name": "0055.jpg", "width": 2111, "height": 3750, "position": [-1.8377201647148558, -1.4345461905530301, 2.611534661102008], "rotation": [[-0.9288925932423996, -0.18393493323026394, 0.3214443817474308], [0.18418116507854465, 0.5235746497139903, 0.8318334476367144], [-0.3213033592257005, 0.8318879290592278, -0.4524672638278149]], "fy": 2809.515536215771, "fx": 2815.9160783634215}, {"id": 55, "img_name": "0056.jpg", "width": 2111, "height": 3750, "position": [-1.9723298519345134, -1.4084996884707488, 2.5637188626516645], "rotation": [[-0.9136062631382819, -0.20265604315710245, 0.35249698456357165], [0.2015062585679905, 0.5273162007845419, 0.8254288898191575], [-0.35315552340638023, 0.8251473520299653, -0.4409229226582603]], "fy": 2809.515536215771, "fx": 2815.9160783634215}, {"id": 56, "img_name": "0057.jpg", "width": 2111, "height": 3750, "position": [-2.1065381660807088, -1.3805690616866224, 2.5104782902812226], "rotation": [[-0.8973238204583311, -0.22040309058056942, 0.3824035027305546], [0.21829868143386116, 0.5313883501783377, 0.8185182386355124], [-0.3836087159102379, 0.8179540934290124, -0.42871372047138906]], "fy": 2809.515536215771, "fx": 2815.9160783634215}, {"id": 57, "img_name": "0058.jpg", "width": 2111, "height": 3750, "position": [-2.2401603320423162, -1.349028297075527, 2.452254511853325], "rotation": [[-0.8793950881980559, -0.23834866368027469, 0.41213370812754635], [0.23492486682190222, 0.5356891426023034, 0.8110779552217657], [-0.4140948995119908, 0.810078426462424, -0.41508837273322674]], "fy": 2809.515536215771, "fx": 2815.9160783634215}, {"id": 58, "img_name": "0059.jpg", "width": 2111, "height": 3750, "position": [-2.3726680014820425, -1.3143304387629557, 2.3886763831743854], "rotation": [[-0.8596718916971026, -0.25628257486044376, 0.4419089051476861], [0.2515554831236701, 0.5405249378113137, 0.8028403518225106], [-0.44461677604015626, 0.8013438921131031, -0.40020480886251375]], "fy": 2809.515536215771, "fx": 2815.9160783634215}, {"id": 59, "img_name": "0060.jpg", "width": 2111, "height": 3750, "position": [-2.5044954879631987, -1.2777603850044692, 2.3196044411878547], "rotation": [[-0.8384655102078982, -0.2738237289926241, 0.47116467782759586], [0.26785973039262434, 0.5458604697666821, 0.7939064884355637], [-0.47458060751130443, 0.7918692524569135, -0.3843388270621765]], "fy": 2809.515536215771, "fx": 2815.9160783634215}, {"id": 60, "img_name": "0061.jpg", "width": 2111, "height": 3750, "position": [-2.6353003958641543, -1.2368448537449053, 2.2444609032873064], "rotation": [[-0.8154466151318157, -0.2912644026077828, 0.5002118207755546], [0.2841841962512531, 0.5513976744431448, 0.784346828399096], [-0.5042679451155837, 0.7817452605498949, -0.36686262706452305]], "fy": 2809.515536215771, "fx": 2815.9160783634215}, {"id": 61, "img_name": "0062.jpg", "width": 2111, "height": 3750, "position": [-2.7647315358954034, -1.1939710460272621, 2.1646132617259], "rotation": [[-0.79090381427023, -0.3083740660639075, 0.5285608687294339], [0.29994844411810573, 0.5575115603223185, 0.774087715299824], [-0.5333873709077941, 0.7707699368074671, -0.348441698236426]], "fy": 2809.515536215771, "fx": 2815.9160783634215}, {"id": 62, "img_name": "0063.jpg", "width": 2111, "height": 3750, "position": [-2.891395314797114, -1.1473614227944138, 2.0786782674089612], "rotation": [[-0.7643683001629068, -0.325320154486957, 0.5566937208112293], [0.3156961201041526, 0.5639925635710785, 0.7630519955990598], [-0.5622073118141144, 0.7589988045584166, -0.32839572655812965]], "fy": 2809.515536215771, "fx": 2815.9160783634215}, {"id": 63, "img_name": "0064.jpg", "width": 2111, "height": 3750, "position": [-3.014146206895886, -1.0970600109687223, 1.9869258606422835], "rotation": [[-0.7355374500505881, -0.34209862871350494, 0.5847676357369802], [0.33132303048187534, 0.5712452258211138, 0.7509353776783265], [-0.5909396830856636, 0.7460880780503896, -0.306827102364982]], "fy": 2809.515536215771, "fx": 2815.9160783634215}, {"id": 64, "img_name": "0065.jpg", "width": 2111, "height": 3750, "position": [-3.135038479884773, -1.0433368726437624, 1.889927252504075], "rotation": [[-0.706161149295126, -0.3580406504260525, 0.6108545848798023], [0.345847167966716, 0.5783906175511483, 0.7388193486490476], [-0.6178399207202369, 0.7329878485836517, -0.28460963826462543]], "fy": 2809.515536215771, "fx": 2815.9160783634215}, {"id": 65, "img_name": "0066.jpg", "width": 2111, "height": 3750, "position": [-3.2513262846144584, -0.9879401721108406, 1.7861221506516383], "rotation": [[-0.674632629237166, -0.37351935640508854, 0.636674254198547], [0.3603222797023041, 0.5861403875070501, 0.7256771326721129], [-0.644234949625276, 0.7189733906924606, -0.2608420847131536]], "fy": 2809.515536215771, "fx": 2815.9160783634215}, {"id": 66, "img_name": "0067.jpg", "width": 2111, "height": 3750, "position": [-3.361873445777516, -0.9291606873065219, 1.6775851248258027], "rotation": [[-0.6417304261237423, -0.3883780291915679, 0.6613203207435211], [0.3740953340552792, 0.5942359020508742, 0.711994644468519], [-0.6695033541552343, 0.704305472898697, -0.2360488500709833]], "fy": 2809.515536215771, "fx": 2815.9160783634215}, {"id": 67, "img_name": "0068.jpg", "width": 2111, "height": 3750, "position": [-3.468075952100525, -0.8684744026942093, 1.564953188522424], "rotation": [[-0.6068752568214739, -0.4025991088947433, 0.6852856194135614], [0.38749586867043234, 0.602925622400043, 0.6973719564313349], [-0.69393758683416, 0.6887631315413735, -0.2098951505111625]], "fy": 2809.515536215771, "fx": 2815.9160783634215}, {"id": 68, "img_name": "0069.jpg", "width": 2111, "height": 3750, "position": [-3.5686240684907378, -0.8053558971980429, 1.4483930883952278], "rotation": [[-0.5728387952397782, -0.4154605785354257, 0.7065749941451716], [0.3992803978135228, 0.6113977751895204, 0.683204160127249], [-0.7158427750491827, 0.6734873927374694, -0.18434709987838457]], "fy": 2809.515536215771, "fx": 2815.9160783634215}, {"id": 69, "img_name": "0070.jpg", "width": 2111, "height": 3750, "position": [-3.663642334526471, -0.7388261038134631, 1.3283602531580103], "rotation": [[-0.5364919436185182, -0.42810408707485237, 0.7272573719545455], [0.4109797937496608, 0.6201384518863531, 0.668224445543175], [-0.7370698769871897, 0.657385116291664, -0.15675715395567888]], "fy": 2809.515536215771, "fx": 2815.9160783634215}, {"id": 70, "img_name": "0071.jpg", "width": 2111, "height": 3750, "position": [-3.753123951390123, -0.672226526264449, 1.205083579672016], "rotation": [[-0.4979367581735687, -0.4402508425502435, 0.7471533848503918], [0.42188298692260473, 0.6297599539190397, 0.6522400982653169], [-0.7576765340201969, 0.6399856217710593, -0.12784628943169263]], "fy": 2809.515536215771, "fx": 2815.9160783634215}, {"id": 71, "img_name": "0072.jpg", "width": 2111, "height": 3750, "position": [-3.8367823434153814, -0.6035972680939246, 1.0789794641589021], "rotation": [[-0.46093518710570924, -0.4507530127901074, 0.7644347419815934], [0.43178804595423925, 0.6386458651757454, 0.6369384132433396], [-0.7753049958944183, 0.6236611101828978, -0.09974458875844298]], "fy": 2809.515536215771, "fx": 2815.9160783634215}, {"id": 72, "img_name": "0073.jpg", "width": 2111, "height": 3750, "position": [-3.911853362112204, -0.5338053298533467, 0.9509717998929323], "rotation": [[-0.4220892452605556, -0.4605856742528174, 0.7808338528191845], [0.4409847754815202, 0.6482316169051725, 0.6207480959600431], [-0.7920688712661843, 0.6063469365945401, -0.07050032378315053]], "fy": 2809.515536215771, "fx": 2815.9160783634215}, {"id": 73, "img_name": "0074.jpg", "width": 2111, "height": 3750, "position": [-3.9800857772902636, -0.46299104916927086, 0.8199421913650231], "rotation": [[-0.38237675903207524, -0.4696469397710307, 0.7957510704459227], [0.4494456631599389, 0.6579194405171346, 0.6042686535443844], [-0.8073330229953737, 0.5887051568937767, -0.040492323072711334]], "fy": 2809.515536215771, "fx": 2815.9160783634215}, {"id": 74, "img_name": "0075.jpg", "width": 2111, "height": 3750, "position": [-4.043188693667851, -0.3897306731529938, 0.687506611013265], "rotation": [[-0.3416364439085237, -0.47768885139754613, 0.8093811842661227], [0.4571938779206335, 0.6679578918721001, 0.5872018500291638], [-0.8211323268422883, 0.5706536742510934, -0.00980234044992102]], "fy": 2809.515536215771, "fx": 2815.9160783634215}, {"id": 75, "img_name": "0076.jpg", "width": 2111, "height": 3750, "position": [-4.0978594979220615, -0.31667517875110723, 0.5532683398661388], "rotation": [[-0.30077779001446003, -0.48490815085861966, 0.8212166621939008], [0.46406949986092744, 0.6778521610711893, 0.5702244707393285], [-0.8331699828563475, 0.552612461822924, 0.02114820808392881]], "fy": 2809.515536215771, "fx": 2815.9160783634215}, {"id": 76, "img_name": "0077.jpg", "width": 2111, "height": 3750, "position": [-4.1465871707173685, -0.24200919447628286, 0.41663271416576264], "rotation": [[-0.2592327628056572, -0.49105129200717235, 0.8316651990472084], [0.47001536353103096, 0.6881136696397797, 0.5527975539921182], [-0.8437321451343067, 0.534198658059867, 0.05242004382007406]], "fy": 2809.515536215771, "fx": 2815.9160783634215}, {"id": 77, "img_name": "0078.jpg", "width": 2111, "height": 3750, "position": [-4.187841500347772, -0.16453166206823508, 0.2754495739083783], "rotation": [[-0.2167827900634499, -0.49631974553084063, 0.8406378126925459], [0.47513249346064873, 0.6985985489243822, 0.5349852157757392], [-0.8527920822745557, 0.5153899277604765, 0.08437349567771806]], "fy": 2809.515536215771, "fx": 2815.9160783634215}, {"id": 78, "img_name": "0079.jpg", "width": 2111, "height": 3750, "position": [-4.222130351439911, -0.08508750947439944, 0.1324860301144597], "rotation": [[-0.17337520686441163, -0.5007051329792341, 0.84807747727019], [0.47946715625220676, 0.7092669571030025, 0.516770383862378], [-0.8602629154625603, 0.49622046851182494, 0.11710236082061168]], "fy": 2809.515536215771, "fx": 2815.9160783634215}, {"id": 79, "img_name": "0080.jpg", "width": 2111, "height": 3750, "position": [-4.249251290687024, -0.006641827167495711, -0.011121090059908129], "rotation": [[-0.12977613380034583, -0.5041759735634033, 0.8537943211202733], [0.48272589610780176, 0.7200151800710833, 0.4985517522726451], [-0.8661026869388836, 0.47684874766386814, 0.14993801228723241]], "fy": 2809.515536215771, "fx": 2815.9160783634215}, {"id": 80, "img_name": "0081.jpg", "width": 2111, "height": 3750, "position": [-4.268794672263096, 0.07159284480571769, -0.1548275811271025], "rotation": [[-0.08628008708588426, -0.5066122612424444, 0.8578460021071785], [0.4848930359538657, 0.7308350671648433, 0.4803736548621316], [-0.870307124098094, 0.4574102331179053, 0.18259624416490108]], "fy": 2809.515536215771, "fx": 2815.9160783634215}, {"id": 81, "img_name": "0082.jpg", "width": 2111, "height": 3750, "position": [-4.281575373449831, 0.15013364146638425, -0.2988192456227785], "rotation": [[-0.04355427453513771, -0.508177122670495, 0.8601505898178842], [0.486230610070975, 0.7413360405260105, 0.462602063167929], [-0.8727444179138154, 0.4383798432997962, 0.21480291894832582]], "fy": 2809.515536215771, "fx": 2815.9160783634215}, {"id": 82, "img_name": "0083.jpg", "width": 2111, "height": 3750, "position": [-4.2875126504002985, 0.2290522973724334, -0.4424807349875825], "rotation": [[-0.0009483025783289775, -0.5090074227302072, 0.8607616071408922], [0.4862780120347511, 0.7519025759134214, 0.4451698679676018], [-0.8738036368279491, 0.41899159888989873, 0.24680608648478644]], "fy": 2809.515536215771, "fx": 2815.9160783634215}, {"id": 83, "img_name": "0084.jpg", "width": 2111, "height": 3750, "position": [-4.286883926079457, 0.30710416113884714, -0.5877302198729909], "rotation": [[0.042283867613544704, -0.508868526965218, 0.8598051504869515], [0.48575815232614067, 0.7624853080670776, 0.4273817642700111], [-0.8730699238825801, 0.39958600732020466, 0.2794278632591304]], "fy": 2809.515536215771, "fx": 2815.9160783634215}, {"id": 84, "img_name": "0085.jpg", "width": 2111, "height": 3750, "position": [-4.279971285716578, 0.38580889954924, -0.7307861147154104], "rotation": [[0.08484145115824791, -0.508113967708464, 0.8571009998739497], [0.4842883283144876, 0.7727906552877358, 0.4101943663171287], [-0.8707851303414185, 0.38028252513034794, 0.31163834465091855]], "fy": 2809.515536215771, "fx": 2815.9160783634215}, {"id": 85, "img_name": "0086.jpg", "width": 2111, "height": 3750, "position": [-4.264193628651769, 0.4645796538793575, -0.8732482514305865], "rotation": [[0.12715705644308184, -0.5060295430274913, 0.8530915452518086], [0.48160230170570617, 0.7833846930067664, 0.39289648223731966], [-0.8671160856474157, 0.3608912915908097, 0.3433178842784343]], "fy": 2809.515536215771, "fx": 2815.9160783634215}, {"id": 86, "img_name": "0087.jpg", "width": 2111, "height": 3750, "position": [-4.242125431380001, 0.5429941164212047, -1.0163997344384503], "rotation": [[0.16878600963025026, -0.5032413714375918, 0.8475018613706455], [0.47835353372649736, 0.7936125594907953, 0.3759747361058209], [-0.8617941631993513, 0.34194623479734454, 0.3746779854534417]], "fy": 2809.515536215771, "fx": 2815.9160783634215}, {"id": 87, "img_name": "0088.jpg", "width": 2111, "height": 3750, "position": [-4.213125372033685, 0.62171992992646, -1.15960611222865], "rotation": [[0.2108644666896335, -0.4993237450488351, 0.8403641914777796], [0.4743972202992748, 0.8039405786107728, 0.3586458189290619], [-0.8546832477941857, 0.32304077713716267, 0.40640029803950717]], "fy": 2809.515536215771, "fx": 2815.9160783634215}, {"id": 88, "img_name": "0089.jpg", "width": 2111, "height": 3750, "position": [-4.176565669924769, 0.6991178040086136, -1.3009611371253262], "rotation": [[0.25442889446067446, -0.49403507779196626, 0.8313815487335551], [0.46889743370253, 0.8148836992372654, 0.34073413885986137], [-0.8458138887076163, 0.3031400643736744, 0.43898173884664504]], "fy": 2809.515536215771, "fx": 2815.9160783634215}, {"id": 89, "img_name": "0090.jpg", "width": 2111, "height": 3750, "position": [-4.133040059754327, 0.777260564774741, -1.4429463667061302], "rotation": [[0.29540304911279963, -0.4883671200355959, 0.8211178932668549], [0.4628015927342205, 0.8250477054027365, 0.3242082194706793], [-0.8357940681397117, 0.28424257224739785, 0.46973868883098546]], "fy": 2809.515536215771, "fx": 2815.9160783634215}, {"id": 90, "img_name": "0091.jpg", "width": 2111, "height": 3750, "position": [-4.081326216896525, 0.8534641240707277, -1.5849395572567855], "rotation": [[0.3387634614727648, -0.48126049680779975, 0.8084724184431404], [0.4558270438430864, 0.8356527943955931, 0.30644104379164006], [-0.8230802046412389, 0.26471256379542435, 0.5024601827971942]], "fy": 2809.515536215771, "fx": 2815.9160783634215}, {"id": 91, "img_name": "0092.jpg", "width": 2111, "height": 3750, "position": [-4.0221906095324265, 0.9288278242574106, -1.7228876371752768], "rotation": [[0.3799061026436469, -0.47360495215185844, 0.794587756305967], [0.44861348252981653, 0.845543294809356, 0.28948657981918363], [-0.8089606272659907, 0.24648506222522792, 0.5336926246757029]], "fy": 2809.515536215771, "fx": 2815.9160783634215}, {"id": 92, "img_name": "0093.jpg", "width": 2111, "height": 3750, "position": [-3.9564210408688054, 1.001693417641973, -1.8567003136010043], "rotation": [[0.42025520235904673, -0.4648886356562825, 0.7792715324761946], [0.44041769187594415, 0.8553550197729245, 0.27276371978678887], [-0.7933585706178653, 0.22857459742259223, 0.5642125768185935]], "fy": 2809.515536215771, "fx": 2815.9160783634215}, {"id": 93, "img_name": "0094.jpg", "width": 2111, "height": 3750, "position": [-3.8873607490818984, 1.0723859771742852, -1.987232666414752], "rotation": [[0.4595844797792938, -0.45567250306657797, 0.7623284567002829], [0.4314012198013157, 0.8648218875749253, 0.2568581132167721], [-0.7763215142580634, 0.2108214237699354, 0.5940363909557096]], "fy": 2809.515536215771, "fx": 2815.9160783634215}, {"id": 94, "img_name": "0095.jpg", "width": 2111, "height": 3750, "position": [-3.8112428807243046, 1.1414003433821602, -2.1146032334382796], "rotation": [[0.49744135899375375, -0.44548343286826625, 0.7443766556000746], [0.42171660548975953, 0.8740404984031457, 0.24126398779215946], [-0.7580944525694943, 0.19390131044189915, 0.6226516544523691]], "fy": 2809.515536215771, "fx": 2815.9160783634215}, {"id": 95, "img_name": "0096.jpg", "width": 2111, "height": 3750, "position": [-3.728581838688842, 1.2087591777599034, -2.2369208744157967], "rotation": [[0.5327100348043151, -0.43480987124406334, 0.726058120736561], [0.4115447176815968, 0.8827462411350417, 0.22669366799787224], [-0.7394937215197709, 0.17804339254989426, 0.6491914865447358]], "fy": 2809.515536215771, "fx": 2815.9160783634215}, {"id": 96, "img_name": "0097.jpg", "width": 2111, "height": 3750, "position": [-3.6409812492001685, 1.2746054939645002, -2.3576992529642817], "rotation": [[0.5690673081278518, -0.42262885084637714, 0.705370295130431], [0.39978118042759014, 0.891804014493772, 0.21180322827736783], [-0.7185662158743918, 0.16146347625721075, 0.6764555707797032]], "fy": 2809.515536215771, "fx": 2815.9160783634215}, {"id": 97, "img_name": "0098.jpg", "width": 2111, "height": 3750, "position": [-3.5469022039012708, 1.3385750207214056, -2.475777170576847], "rotation": [[0.6047413545219623, -0.4096600392856683, 0.6829835622790692], [0.38739510485942863, 0.9005840206223749, 0.19716352231229317], [-0.6958540988324309, 0.1453515531809088, 0.7033206943677989]], "fy": 2809.515536215771, "fx": 2815.9160783634215}, {"id": 98, "img_name": "0099.jpg", "width": 2111, "height": 3750, "position": [-3.446965581909304, 1.4000291501622006, -2.5878016297681388], "rotation": [[0.6381625874801402, -0.39596652463797427, 0.6602719313334294], [0.3742152344485378, 0.909014714099489, 0.18345355776667333], [-0.6728383685903161, 0.13001061847691056, 0.7282758878584221]], "fy": 2809.515536215771, "fx": 2815.9160783634215}, {"id": 99, "img_name": "0100.jpg", "width": 2111, "height": 3750, "position": [-3.341317635129687, 1.4584767173656195, -2.6949228349441556], "rotation": [[0.6704212400678914, -0.38185209924579644, 0.6361794834536941], [0.3608987342721755, 0.9169678159608421, 0.1700650701724043], [-0.648295815555347, 0.1155811351111484, 0.7525646395757949]], "fy": 2809.515536215771, "fx": 2815.9160783634215}, {"id": 100, "img_name": "0101.jpg", "width": 2111, "height": 3750, "position": [-3.242019272295373, 1.5084663485526295, -2.7880466992264124], "rotation": [[0.6974044908909284, -0.36903513534358073